44
100
100
100
27
40
63
74
67
83
71
100
92
77
36
83
100
100
93
39
100
33
95
25
85
26
100
38
29
51
88
41
100
24
70
85
61
26
84
42
83
60
100
100
99
91
63
85
28
59
64
61
48
44
94
100
98
24
76
79
45
60
100
51
69
99
65
100
88
29
100
77
41
30
27
23
54
76
100
83
80
42
46
86
53
73
33
66
100
60
27
50
76
95
52
70
83
96
90
34
100
58
73
100
100
100
63
100
65
59
91
44
38
44
49
25
76
100
99
45
90
22
97
54
53
97
59
42
77
43
37
60
23
63
21
25
39
41
81
44
77
76
54
100
35
100
99
73
22
47
100
92
42
85
33
76
99
62
29
79
84
33
100
69
48
52
87
71
65
53
77
22
76
100
69
53
100
35
28
65
67
94
90
74
41
36
61
64
100
100
51
100
77
75
100
99
74
21
58
64
84
35
77
61
26
34
60
66
54
100
81
40
35
97
86
55
26
63
67
74
100
100
59
40
100
88
100
84
85
59
23
80
94
86
27
36
96
70
59
49
39
100
60
34
75
24
75
60
97
37
67
80
29
70
98
34
91
100
72
21
56
100
35
98
57
49
75
61
100
56
32
46
36
100
83
86
87
75
49
30
100
52
80
67
86
47
49
90
100
49
100
100
100
96
46
100
100
100
98
68
100
100
23
93
67
80
100
100
100
55
48
52
54
75
49
100
88
99
39
35
26
82
79
58
23
36
71
99
97
100
100
66
55
34
77
41
32
97
66
93
31
64
76
100
100
56
58
31
86
42
100
60
66
39
27
99
100
67
100
83
39
24
33
52
94
98
35
100
37
92
28
60
100
73
100
52
78
40
60
100
55
100
90
23
69
88
61
36
77
100
100
100
100
86
100
100
97
37
28
71
30
64
52
58
100
100
100
46
25
100
89
80
42
74
26
64
40
53
100
100
46
58
94
99
22
43
27
91
100
48
90
34
58
100
90
90
100
50
86
50
100
99
100
94
100
61
34
36
100
24
75
100
100
67
27
73
40
50
100
37
98
55
68
31
27
100
28
100
60
65
56
24
93
56
85
98
88
69
100
28
23
64
35
100
21
30
63
44
100
58
70
47
78
73
100
87
100
29
63
25
81
94
89
27
88
51
55
93
31
46
64
79
51
64
52
100
86
38
85
24
99
21
59
88
24
64
38
79
40
59
100
21
89
49
100
50
60
100
100
100
100
33
55
92
83
100
43
52
42
23
89
49
24
49
32
28
79
22
100
27
69
37
63
100
86
100
60
62
98
100
87
38
52
48
44
91
51
100
100
82
100
51
83
84
51
79
31
100
100
85
26
100
26
45
58
62
37
100
33
96
85
51
32
100
100
36
60
67
94
100
100
93
83
100
58
100
99
100
63
28
100
82
96
79
100
37
91
37
28
84
76
98
26
25
79
97
39
74
78
81
25
48
38
73
94
100
24
100
100
67
58
28
37
88
80
87
66
100
66
100
28
84
100
53
74
100
74
100
79
100
65
30
100
62
73
90
26
55
100
21
26
48
56
99
39
61
90
100
75
100
100
82
100
100
55
100
100
57
99
53
36
94
84
80
45
49
100
79
51
50
43
71
77
27
37
72
75
72
33
36
61
90
99
84
79
100
73
49
40
42
64
77
100
52
49
82
43
38
22
72
21
76
76
28
60
98
78
61
73
60
27
98
97
77
82
79
82
44
100
91
94
34
21
94
100
77
26
53
100
100
89
37
88
28
77
66
87
64
24
65
67
22
80
51
100
100
47
50
30
93
92
83
58
84
72
86
100
54
76
23
43
99
50
26
90
84
85
100
37
87
59
90
51
85
56
100
59
88
96
40
88
100
93
38
31
100
100
96
100
81
66
25
80
99
100
43
94
88
100
62
26
52
52
70
26
30
44
99
100
83
54
48
24
100
45
100
33
74
58
99
100
57
100
32
24
100
100
79
26
100
100
77
67
27
59
95
73
70
100
22
47
35
24
49
100
37
100
34
67
58
86
100
50
48
29
39
97
100
85
72
91
25
100
88
37
71
74
83
100
77
78
100
27
86
30
81
100
24
73
50
87
80
27
100
100
39
28
100
63
96
100
100
100
50
92
100
100
100
24
100
83
78
94
71
100
35
86
80
72
45
100
100
86
32
72
69
27
59
100
99
32
62
100
46
79
24
89
100
90
56
69
49
47
97
79
74
100
97
79
100
75
28
68
100
61
44
75
57
96
97
55
100
56
40
30
52
100
84
41
54