38
32
99
72
42
10
74
64
8
13
99
50
3
6
15
90
47
57
50
7
90
29
27
60
48
37
66
94
63
29
21
44
3
88
62
21
52
6
87
45
55
57
69
38
8
46
5
74
4
96
75
94
52
25
26
76
100
36
76
12
60
44
74
27
10
46
65
14
46
66
83
31
41
89
71
25
76
30
28
1
38
44
31
30
25
94
87
40
48
57
49
27
99
19
87
4
34
75
65
17
96
55
26
58
92
90
49
45
32
6
76
14
36
40
89
3
85
29
26
49
73
21
22
98
60
31
97
90
20
1
72
87
12
4
60
61
52
1
69
95
88
12
36
25
57
62
31
80
80
79
36
6
71
100
17
12
92
49
86
81
19
25
6
61
78
52
3
100
51
34
18
63
58
76
16
36
15
86
34
28
1
81
50
54
88
73
67
18
56
96
60
81
99
89
22
4
46
2
48
96
25
39
44
84
83
46
39
93
75
74
95
52
80
46
85
40
74
98
53
43
21
33
12
38
33
35
82
54
53
78
13
63
35
34
58
87
20
68
91
20
30
50
89
51
28
54
58
42
2
71
51
39
7
36
24
21
82
40
6
38
78
17
92
32
33
21
77
7
96
16
29
69
15
52
73
93
74
75
41
24
53
22
85
67
82
80
47
31
69
99
77
83
71
60
76
50
87
7
97
10
55
41
11
73
62
79
57
82
58
95
88
51
79
48
83
33
98
28
8
76
84
93
33
81
54
47
83
96
8
71
24
40
27
84
100
65
71
94
69
57
39
64
37
41
37
47
51
92
21
34
58
49
27
58
88
7
45
9
57
54
77
24
59
46
87
67
36
35
26
96
30
16
37
75
71
71
1
38
91
32
60
30
13
39
82
99
87
9
34
24
32
99
55
75
85
17
91
11
75
73
72
14
45
51
54
86
68
81
54
96
7
55
29
49
69
21
61
33
89
14
11
96
16
16
16
9
46
67
84
80
72
48
71
96
51
31
79
24
24
47
62
62
13
13
29
74
42
83
94
40
6
58
75
33
50
23
94
49
54
23
10
7
82
78
20
90
69
66
100
4
43
49
59
9
67
6
56
72
49
62
22
65
39
11
38
27
25
63
53
42
22
86
87
29
62
78
96
92
39
17
80
12
16
36
85
59
59
93
58
1
81
61
48
27
26
49
23
5
17
26
20
61
83
82
81
71
86
79
21
100
10
66
22
25
34
20
51
96
40
59
61
72
41
86
93
76
29
80
15
51
62
71
39
73
89
6
14
87
43
42
96
76
99
24
10
39
51
58
98
50
41
100
27
67
97
68
30
54
1
89
41
31
96
47
29
9
59
16
8
59
29
37
73
86
35
97
96
21
77
62
92
61
71
75
39
26
4
48
65
28
52
25
30
66
90
87
21
40
89
26
97
62
17
83
66
55
26
5
24
37
64
99
21
76
89
48
16
82
48
12
88
64
10
91
4
4
99
69
38
51
77
5
73
71
46
59
34
18
40
92
23
37
33
9
52
84
91
73
39
30
70
89
93
9
49
13
26
89
20
13
55
32
39
80
84
69
42
65
22
62
68
61
35
37
18
80
50
36
78
24
85
82
85
38
39
87
47
58
70
97
55
64
58
93
87
17
18
25
76
20
99
71
18
86
91
97
58
57
18
52
55
17
50
54
20
63
3
32
54
33
61
37
14
92
65
66
68
75
85
52
16
39
83
18
33
97
81
23
100
7
43
41
41
12
43
62
99
22
36
27
30
19
3
45
25
87
53
92
98
59
12
93
60
89
43
61
8
93
65
11
71
40
9
22
25
23
71
76
55
56
64
99
64
61
91
58
34
96
44
61
73
68
22
9
28
87
56
47
44
78
66
66
17
44
51
38
49
35
78
39
72
49
73
94
52
91
22
88
9
47
3
81
18
17
19
70
22
30
77
51
91
6
44
58
57
83
13
31
1
96
77
76
14
35
16
50
81
64
69
64
73
86
63
19
58
17
91
8
34
59
48
81
54
23
71
15
66
64
23
19
17
15
21
96
2
96
3
98
30
53
87
90
19
67
95
98
11
18
75
5
8
49
85
100
1
55
87
91
85
88
75
12
51
17
84
93
17
89
39
39
28
87
75
45
71
95
18
25
65
81
86
40
12
9
37
83
22
80
66
3
79
93
50
84
14
76
93
84
26
22
53
40
48
100
61
95
50
44
78
75
45
6
9
80
66
4
56
72
12
22
82
14
89
93
2
38
17
55
11
4
94
98
37
65
7
21
4
47
16
100